MY_ACCOUNT_ID = 0.0.7057
MY_PRIVATE_KEY = 1133026aaa08e14a3ab1bddbcfd57d272d5e8709008e6c13477d299038b2d8a7
MY_PUBLIC_KEY = 58ca03d079ad23745d186056f612f483a238ad0c361f380efdfda8c4ae743427

ACCOUNT_1 =  0.0.11631
ACCOUNT1_KEY = 302e020100300506032b6570042204209149ed17f75ce2244821f39cf78055c876a9c997c8e2b5b5461f43be46cfca5d

ACCOUNT_2 = 0.0.11633
ACCOUNT2_KEY = 302e020100300506032b657004220420e91225c4ae85064b0791f43a25572ab1e8c75092856f466ec646ce1b8e83a5b9

ACCOUNT_3 = 0.0.11635
ACCOUNT3_KEY = 302e020100300506032b657004220420efd557d641c3991e53788358887d83af349a4bbe0e196f64dd84f3b4432cc73b

ACCOUNT_4 = 0.0.11636
ACCOUNT4_KEY = 302e020100300506032b65700422042007981506ad8cba03366f8e4a33f84724ab3e002a8e55b181ebca9de21f524c66

